 1	Nof sets in this file, set #1 original structure , set#2 is stiff
#1
r	m	x_cg	y_cg	ri_x	ri_y	x_sh	y_sh	E	G	I_x	I_y	I_p	k_x	k_y	A	pitch	x_e	y_e
$1            66
0.000	3847.574	0.000	0.000	0.395	0.395	0.000	0.000	210000000000.000	81000000000.000	1.606	1.606	3.212	0.500	0.500	0.489	0.000	0.000	0.000
0.615	3741.538	0.000	0.000	0.390	0.390	0.000	0.000	210000000000.000	81000000000.000	1.574	1.574	3.144	0.500	0.500	0.477	0.000	0.000	0.000
1.034	3877.870	0.000	0.000	0.396	0.396	0.000	0.000	210000000000.000	81000000000.000	1.609	1.609	3.212	0.500	0.500	0.494	0.000	0.000	0.000
2.265	3802.130	0.000	0.000	0.393	0.393	0.000	0.000	210000000000.000	81000000000.000	1.524	1.524	3.052	0.500	0.500	0.485	0.000	0.000	0.000
3.495	3877.870	0.000	0.000	0.397	0.397	0.000	0.000	210000000000.000	81000000000.000	1.498	1.498	3.006	0.500	0.500	0.495	0.000	0.000	0.000
4.726	3817.278	0.000	0.000	0.393	0.393	0.000	0.000	210000000000.000	81000000000.000	1.416	1.416	2.822	0.500	0.500	0.485	0.000	0.000	0.000
5.957	3165.917	0.000	0.000	0.359	0.359	0.000	0.000	210000000000.000	81000000000.000	1.140	1.140	2.281	0.500	0.500	0.404	0.000	0.000	0.000
7.188	3135.621	0.000	0.000	0.356	0.356	0.000	0.000	210000000000.000	81000000000.000	1.092	1.092	2.187	0.500	0.500	0.398	0.000	0.000	0.000
8.418	3226.509	0.000	0.000	0.361	0.361	0.000	0.000	210000000000.000	81000000000.000	1.095	1.095	2.189	0.500	0.500	0.411	0.000	0.000	0.000
9.649	3181.065	0.000	0.000	0.359	0.359	0.000	0.000	210000000000.000	81000000000.000	1.049	1.049	2.097	0.500	0.500	0.404	0.000	0.000	0.000
10.880	3135.621	0.000	0.000	0.356	0.356	0.000	0.000	210000000000.000	81000000000.000	1.003	1.003	2.008	0.500	0.500	0.398	0.000	0.000	0.000
12.111	3090.178	0.000	0.000	0.353	0.353	0.000	0.000	210000000000.000	81000000000.000	0.959	0.959	1.921	0.500	0.500	0.392	0.000	0.000	0.000
13.342	3165.917	0.000	0.000	0.359	0.359	0.000	0.000	210000000000.000	81000000000.000	0.957	0.957	1.914	0.500	0.500	0.404	0.000	0.000	0.000
14.572	3120.473	0.000	0.000	0.356	0.356	0.000	0.000	210000000000.000	81000000000.000	0.913	0.913	1.829	0.500	0.500	0.398	0.000	0.000	0.000
15.803	3075.030	0.000	0.000	0.353	0.353	0.000	0.000	210000000000.000	81000000000.000	0.872	0.872	1.744	0.500	0.500	0.392	0.000	0.000	0.000
17.034	3029.586	0.000	0.000	0.351	0.351	0.000	0.000	210000000000.000	81000000000.000	0.833	0.833	1.664	0.500	0.500	0.386	0.000	0.000	0.000
18.265	3014.438	0.000	0.000	0.349	0.349	0.000	0.000	210000000000.000	81000000000.000	0.819	0.819	1.636	0.500	0.500	0.383	0.000	0.000	0.000
19.495	2999.290	0.000	0.000	0.349	0.349	0.000	0.000	210000000000.000	81000000000.000	0.805	0.805	1.609	0.500	0.500	0.382	0.000	0.000	0.000
20.726	2968.994	0.000	0.000	0.347	0.347	0.000	0.000	210000000000.000	81000000000.000	0.792	0.792	1.581	0.500	0.500	0.379	0.000	0.000	0.000
21.957	2832.663	0.000	0.000	0.339	0.339	0.000	0.000	210000000000.000	81000000000.000	0.746	0.746	1.491	0.500	0.500	0.362	0.000	0.000	0.000
23.188	2817.515	0.000	0.000	0.338	0.338	0.000	0.000	210000000000.000	81000000000.000	0.732	0.732	1.464	0.500	0.500	0.359	0.000	0.000	0.000
24.418	2802.367	0.000	0.000	0.337	0.337	0.000	0.000	210000000000.000	81000000000.000	0.721	0.721	1.439	0.500	0.500	0.357	0.000	0.000	0.000
25.649	2787.219	0.000	0.000	0.336	0.336	0.000	0.000	210000000000.000	81000000000.000	0.707	0.707	1.416	0.500	0.500	0.354	0.000	0.000	0.000
26.880	2650.888	0.000	0.000	0.328	0.328	0.000	0.000	210000000000.000	81000000000.000	0.665	0.665	1.331	0.500	0.500	0.338	0.000	0.000	0.000
28.111	2635.740	0.000	0.000	0.327	0.327	0.000	0.000	210000000000.000	81000000000.000	0.654	0.654	1.308	0.500	0.500	0.336	0.000	0.000	0.000
29.342	2620.592	0.000	0.000	0.326	0.326	0.000	0.000	210000000000.000	81000000000.000	0.642	0.642	1.285	0.500	0.500	0.333	0.000	0.000	0.000
30.572	2484.260	0.000	0.000	0.317	0.317	0.000	0.000	210000000000.000	81000000000.000	0.603	0.603	1.205	0.500	0.500	0.317	0.000	0.000	0.000
31.803	2469.112	0.000	0.000	0.317	0.317	0.000	0.000	210000000000.000	81000000000.000	0.592	0.592	1.184	0.500	0.500	0.315	0.000	0.000	0.000
33.034	2453.964	0.000	0.000	0.316	0.316	0.000	0.000	210000000000.000	81000000000.000	0.581	0.581	1.161	0.500	0.500	0.314	0.000	0.000	0.000
34.265	2438.817	0.000	0.000	0.314	0.314	0.000	0.000	210000000000.000	81000000000.000	0.571	0.571	1.140	0.500	0.500	0.311	0.000	0.000	0.000
35.495	2317.633	0.000	0.000	0.306	0.306	0.000	0.000	210000000000.000	81000000000.000	0.535	0.535	1.067	0.500	0.500	0.294	0.000	0.000	0.000
36.726	2302.485	0.000	0.000	0.305	0.305	0.000	0.000	210000000000.000	81000000000.000	0.523	0.523	1.049	0.500	0.500	0.292	0.000	0.000	0.000
37.957	2287.337	0.000	0.000	0.304	0.304	0.000	0.000	210000000000.000	81000000000.000	0.514	0.514	1.028	0.500	0.500	0.291	0.000	0.000	0.000
39.188	2272.189	0.000	0.000	0.303	0.303	0.000	0.000	210000000000.000	81000000000.000	0.505	0.505	1.010	0.500	0.500	0.289	0.000	0.000	0.000
40.418	2135.858	0.000	0.000	0.295	0.295	0.000	0.000	210000000000.000	81000000000.000	0.470	0.470	0.943	0.500	0.500	0.273	0.000	0.000	0.000
41.649	2135.858	0.000	0.000	0.294	0.294	0.000	0.000	210000000000.000	81000000000.000	0.461	0.461	0.925	0.500	0.500	0.271	0.000	0.000	0.000
42.880	2120.710	0.000	0.000	0.293	0.293	0.000	0.000	210000000000.000	81000000000.000	0.454	0.454	0.906	0.500	0.500	0.270	0.000	0.000	0.000
44.111	1999.527	0.000	0.000	0.285	0.285	0.000	0.000	210000000000.000	81000000000.000	0.422	0.422	0.844	0.500	0.500	0.254	0.000	0.000	0.000
45.342	1984.379	0.000	0.000	0.283	0.283	0.000	0.000	210000000000.000	81000000000.000	0.413	0.413	0.828	0.500	0.500	0.251	0.000	0.000	0.000
46.572	1969.231	0.000	0.000	0.282	0.282	0.000	0.000	210000000000.000	81000000000.000	0.406	0.406	0.812	0.500	0.500	0.250	0.000	0.000	0.000
47.803	1848.047	0.000	0.000	0.273	0.273	0.000	0.000	210000000000.000	81000000000.000	0.376	0.376	0.753	0.500	0.500	0.235	0.000	0.000	0.000
49.034	1832.899	0.000	0.000	0.272	0.272	0.000	0.000	210000000000.000	81000000000.000	0.369	0.369	0.739	0.500	0.500	0.233	0.000	0.000	0.000
50.265	1817.751	0.000	0.000	0.272	0.272	0.000	0.000	210000000000.000	81000000000.000	0.363	0.363	0.723	0.500	0.500	0.232	0.000	0.000	0.000
51.495	1802.604	0.000	0.000	0.271	0.271	0.000	0.000	210000000000.000	81000000000.000	0.353	0.353	0.709	0.500	0.500	0.230	0.000	0.000	0.000
52.726	1696.568	0.000	0.000	0.262	0.262	0.000	0.000	210000000000.000	81000000000.000	0.328	0.328	0.654	0.500	0.500	0.215	0.000	0.000	0.000
53.957	1681.420	0.000	0.000	0.261	0.261	0.000	0.000	210000000000.000	81000000000.000	0.321	0.321	0.642	0.500	0.500	0.214	0.000	0.000	0.000
55.188	1666.272	0.000	0.000	0.260	0.260	0.000	0.000	210000000000.000	81000000000.000	0.314	0.314	0.629	0.500	0.500	0.212	0.000	0.000	0.000
56.418	1560.237	0.000	0.000	0.251	0.251	0.000	0.000	210000000000.000	81000000000.000	0.289	0.289	0.578	0.500	0.500	0.198	0.000	0.000	0.000
57.649	1545.089	0.000	0.000	0.250	0.250	0.000	0.000	210000000000.000	81000000000.000	0.282	0.282	0.567	0.500	0.500	0.197	0.000	0.000	0.000
58.880	1529.941	0.000	0.000	0.249	0.249	0.000	0.000	210000000000.000	81000000000.000	0.278	0.278	0.555	0.500	0.500	0.195	0.000	0.000	0.000
60.111	1529.941	0.000	0.000	0.248	0.248	0.000	0.000	210000000000.000	81000000000.000	0.271	0.271	0.544	0.500	0.500	0.194	0.000	0.000	0.000
61.342	1411.787	0.000	0.000	0.240	0.240	0.000	0.000	210000000000.000	81000000000.000	0.248	0.248	0.498	0.500	0.500	0.180	0.000	0.000	0.000
62.572	1402.698	0.000	0.000	0.239	0.239	0.000	0.000	210000000000.000	81000000000.000	0.243	0.243	0.486	0.500	0.500	0.179	0.000	0.000	0.000
63.803	1392.095	0.000	0.000	0.238	0.238	0.000	0.000	210000000000.000	81000000000.000	0.239	0.239	0.475	0.500	0.500	0.177	0.000	0.000	0.000
65.034	1383.006	0.000	0.000	0.236	0.236	0.000	0.000	210000000000.000	81000000000.000	0.234	0.234	0.466	0.500	0.500	0.176	0.000	0.000	0.000
66.265	1372.402	0.000	0.000	0.235	0.235	0.000	0.000	210000000000.000	81000000000.000	0.227	0.227	0.457	0.500	0.500	0.174	0.000	0.000	0.000
67.495	1361.799	0.000	0.000	0.235	0.235	0.000	0.000	210000000000.000	81000000000.000	0.223	0.223	0.445	0.500	0.500	0.174	0.000	0.000	0.000
68.726	1448.142	0.000	0.000	0.243	0.243	0.000	0.000	210000000000.000	81000000000.000	0.234	0.234	0.468	0.500	0.500	0.185	0.000	0.000	0.000
69.957	1434.509	0.000	0.000	0.242	0.242	0.000	0.000	210000000000.000	81000000000.000	0.227	0.227	0.452	0.500	0.500	0.183	0.000	0.000	0.000
71.188	1419.361	0.000	0.000	0.240	0.240	0.000	0.000	210000000000.000	81000000000.000	0.220	0.220	0.438	0.500	0.500	0.180	0.000	0.000	0.000
72.418	1498.130	0.000	0.000	0.246	0.246	0.000	0.000	210000000000.000	81000000000.000	0.227	0.227	0.454	0.500	0.500	0.191	0.000	0.000	0.000
73.649	1482.982	0.000	0.000	0.246	0.246	0.000	0.000	210000000000.000	81000000000.000	0.220	0.220	0.441	0.500	0.500	0.189	0.000	0.000	0.000
74.880	1466.320	0.000	0.000	0.244	0.244	0.000	0.000	210000000000.000	81000000000.000	0.213	0.213	0.427	0.500	0.500	0.186	0.000	0.000	0.000
76.111	1545.089	0.000	0.000	0.250	0.250	0.000	0.000	210000000000.000	81000000000.000	0.218	0.218	0.438	0.500	0.500	0.197	0.000	0.000	0.000
77.342	1529.941	0.000	0.000	0.248	0.248	0.000	0.000	210000000000.000	81000000000.000	0.211	0.211	0.425	0.500	0.500	0.194	0.000	0.000	0.000
78.572	1590.533	0.000	0.000	0.254	0.254	0.000	0.000	210000000000.000	81000000000.000	0.218	0.218	0.434	0.500	0.500	0.203	0.000	0.000	0.000
